250	145
250	184
250	62
250	164
250	168
250	176
250	183
250	234
250	237
250	284
250	315
250	320
250	351
250	15
250	39
250	40
250	41
250	116
119	108
356	61
59	191
59	250
59	273
59	73
59	75
59	196
59	200
59	222
59	235
59	326
59	330
59	353
59	54
59	65
59	74
59	85
59	91
59	118
268	157
268	184
268	197
268	224
268	328
268	344
268	13
268	15
268	26
268	29
268	33
268	41
268	55
268	56
268	98
268	108
268	113
268	115
220	43
220	169
220	178
220	182
220	265
220	30
220	96
220	124
220	179
220	220
220	224
220	256
220	264
220	297
220	300
220	4
220	34
220	138
384	86
162	341
281	68
281	81
281	293
281	90
281	124
281	168
281	181
281	188
281	195
281	206
281	226
281	256
281	259
281	276
281	325
281	351
281	130
281	133
237	145
237	49
237	66
237	70
237	127
237	175
237	195
237	237
237	291
237	304
237	315
237	348
237	350
237	356
237	18
237	87
237	121
237	141
530	47
530	81
530	169
530	357
530	42
530	236
530	256
530	262
530	272
530	314
530	358
530	44
530	55
530	108
530	111
530	123
530	129
530	135
260	210
260	292
260	66
260	99
260	173
260	212
260	255
260	258
260	284
260	322
260	341
260	2
260	20
260	21
260	23
260	35
260	142
260	143
505	145
505	46
505	208
505	235
505	249
505	266
505	297
505	315
505	340
505	6
505	7
505	24
505	26
505	48
505	78
505	137
505	142
505	149
114	134
114	153
114	189
114	30
114	73
114	188
114	204
114	220
114	276
114	279
114	283
114	303
114	342
114	5
114	85
114	106
114	114
114	141
258	225
258	109
258	127
258	215
258	216
258	218
258	289
258	299
258	300
258	321
258	331
258	350
258	44
258	52
258	58
258	76
258	110
258	112
434	178
434	210
434	46
434	89
434	177
434	199
434	208
434	215
434	243
434	248
434	259
434	314
434	322
434	332
434	333
434	5
434	63
434	132
170	153
170	169
170	178
170	273
170	93
170	185
170	287
170	296
170	311
170	332
170	3
170	12
170	14
170	17
170	32
170	58
170	80
170	126
519	343
519	105
519	190
519	270
519	271
519	332
519	339
519	344
519	350
519	358
519	1
519	31
519	103
519	116
519	135
519	141
519	143
519	150
344	178
344	221
344	265
344	292
344	66
344	89
344	176
344	181
344	253
344	259
344	267
344	288
344	336
344	10
344	88
344	112
344	114
344	136
430	47
430	158
430	357
430	73
430	75
430	104
430	127
430	241
430	248
430	252
430	272
430	294
430	346
430	26
430	80
430	108
430	114
430	123
6	295
6	124
6	161
6	192
6	199
6	205
6	209
6	223
6	242
6	246
6	272
6	323
6	17
6	55
6	91
6	129
6	138
6	146
502	193
47	342
256	32
380	49
380	252
380	294
380	305
380	307
380	332
380	342
380	346
380	15
380	18
380	26
380	33
380	38
380	56
380	106
380	113
380	118
380	133
303	68
303	166
303	265
303	295
303	306
303	343
303	49
303	70
303	105
303	171
303	197
303	242
303	243
303	324
303	326
303	1
303	22
303	38
188	152
188	210
188	280
188	306
188	69
188	231
188	256
188	270
188	358
188	3
188	5
188	18
188	31
188	120
188	121
188	130
188	141
188	149
125	318
252	43
252	68
252	152
252	153
252	169
252	290
252	317
252	95
252	213
252	220
252	319
252	321
252	358
252	6
252	45
252	108
252	140
252	143
198	154
198	278
198	86
198	162
198	223
198	224
198	260
198	263
198	270
198	335
198	355
198	4
198	27
198	48
198	80
198	83
198	88
198	128
541	166
541	180
541	317
541	357
541	177
541	204
541	214
541	276
541	279
541	302
541	304
541	321
541	326
541	345
541	32
541	103
541	128
541	146
503	189
503	124
503	193
503	197
503	214
503	230
503	234
503	252
503	299
503	303
503	348
503	2
503	18
503	23
503	87
503	94
503	113
503	147
371	47
371	154
371	178
371	182
371	191
371	290
371	89
371	230
371	243
371	247
371	249
371	275
371	279
371	339
371	360
371	74
371	114
371	117
235	152
235	158
235	166
235	93
235	174
235	193
235	199
235	208
235	258
235	294
235	341
235	350
235	355
235	17
235	72
235	100
235	108
235	116
130	154
130	156
130	182
130	221
130	105
130	127
130	188
130	262
130	309
130	318
130	325
130	349
130	352
130	10
130	11
130	39
130	40
130	122
401	154
401	280
401	290
401	75
401	86
401	168
401	174
401	177
401	200
401	245
401	254
401	256
401	3
401	32
401	58
401	85
401	94
401	106
400	19
400	180
400	201
400	343
400	127
400	175
400	197
400	218
400	302
400	311
400	348
400	352
400	25
400	55
400	87
400	103
400	110
400	112
524	68
524	180
524	280
524	93
524	95
524	185
524	188
524	193
524	246
524	313
524	337
524	32
524	44
524	76
524	79
524	103
524	120
524	144
97	306
97	128
542	47
542	178
542	225
542	30
542	84
542	171
542	195
542	196
542	223
542	255
542	303
542	305
542	308
542	328
542	347
542	22
542	25
542	36
227	167
227	290
227	46
227	237
227	238
227	252
227	268
227	269
227	329
227	349
227	359
227	27
227	29
227	38
227	63
227	77
227	87
227	115
345	282
345	70
345	90
345	97
345	170
345	188
345	208
345	248
345	268
345	323
345	349
345	350
345	21
345	28
345	38
345	63
345	100
345	118
453	201
453	343
453	89
453	109
453	181
453	193
453	196
453	209
453	216
453	269
453	294
453	345
453	348
453	34
453	36
453	56
453	92
453	123
233	155
233	281
233	42
233	181
233	190
233	233
233	236
233	256
233	277
233	285
233	329
233	348
233	29
233	36
233	39
233	57
233	125
233	132
304	155
304	189
304	225
304	357
304	119
304	218
304	276
304	300
304	308
304	324
304	342
304	352
304	21
304	31
304	34
304	41
304	98
304	110
161	59
161	280
161	86
161	119
161	175
161	200
161	207
161	222
161	308
161	315
161	354
161	4
161	51
161	52
161	55
161	91
161	103
161	107
52	134
52	145
52	201
52	293
52	50
52	161
52	190
52	195
52	203
52	223
52	245
52	283
52	298
52	319
52	348
52	48
52	94
52	111
209	306
209	90
209	101
209	109
209	159
209	164
209	168
209	203
209	205
209	238
209	251
209	314
209	331
209	356
209	8
209	31
209	111
209	117
158	197
497	210
497	273
497	202
497	204
497	233
497	235
497	237
497	238
497	242
497	256
497	257
497	286
497	330
497	353
497	13
497	26
497	48
497	115
425	156
425	158
425	201
425	278
425	70
425	109
425	160
425	164
425	187
425	211
425	217
425	235
425	307
425	346
425	17
425	92
425	110
425	141
95	16
95	166
95	165
95	175
95	203
95	219
95	235
95	237
95	251
95	253
95	302
95	318
95	354
95	1
95	6
95	57
95	61
95	64
261	37
261	81
261	151
261	152
261	157
261	90
261	161
261	164
261	313
261	314
261	338
261	346
261	360
261	7
261	8
261	9
261	71
261	118
436	158
436	169
436	265
436	273
436	62
436	127
436	197
436	254
436	277
436	324
436	23
436	27
436	40
436	56
436	60
436	140
436	148
474	317
474	30
474	171
474	206
474	216
474	222
474	228
474	233
474	269
474	277
474	284
474	313
474	319
474	321
474	349
474	65
474	80
474	148
331	19
331	280
331	42
331	49
331	70
331	200
331	207
331	240
331	247
331	253
331	255
331	260
331	289
331	296
331	337
331	350
331	10
331	87
509	158
509	265
509	96
509	99
509	127
509	172
509	176
509	179
509	202
509	206
509	325
509	346
509	360
509	1
509	5
509	23
509	132
509	140
536	82
536	167
536	169
536	201
536	109
536	194
536	247
536	251
536	263
536	270
536	274
536	298
536	339
536	1
536	14
536	45
536	87
536	126
251	81
251	166
251	167
251	282
251	292
251	97
251	162
251	164
251	165
251	217
251	236
251	237
251	255
251	311
251	323
251	91
251	116
251	125
166	59
166	81
166	178
166	280
166	292
166	317
166	195
166	206
166	207
166	246
166	303
166	332
166	350
166	8
166	29
166	35
166	121
166	138
78	182
78	201
78	232
78	101
78	173
78	192
78	209
78	240
78	267
78	269
78	353
78	39
78	71
78	83
78	87
78	98
78	123
78	150
96	278
96	343
96	42
96	84
96	105
96	165
96	176
96	186
96	214
96	235
96	271
96	288
96	302
96	304
96	309
96	76
96	87
96	131
419	232
419	165
419	175
419	196
419	208
419	220
419	261
419	262
419	350
419	5
419	9
419	15
419	25
419	40
419	55
419	57
419	91
419	136
388	19
388	280
388	46
388	67
388	96
388	170
388	172
388	220
388	234
388	261
388	277
388	312
388	27
388	41
388	44
388	60
388	125
388	139
302	180
302	281
302	84
302	171
302	185
302	188
302	193
302	239
302	240
302	299
302	331
302	344
302	355
302	360
302	12
302	20
302	65
302	108
75	47
75	157
75	169
75	225
75	86
75	90
75	179
75	228
75	231
75	303
75	336
75	350
75	351
75	355
75	32
75	126
75	137
75	143
513	50
513	196
513	208
513	243
513	245
513	248
513	283
513	300
513	341
513	350
513	9
513	34
513	48
513	61
513	116
513	130
513	142
513	143
83	156
83	167
83	280
83	97
83	99
83	168
83	176
83	242
83	247
83	248
83	255
83	330
83	348
83	13
83	21
83	24
83	53
83	77
306	250
306	357
306	176
306	186
306	214
306	231
306	271
306	298
306	302
306	14
306	15
306	26
306	31
306	40
306	48
306	80
306	126
306	143
274	295
274	176
274	181
274	209
274	233
274	234
274	240
274	243
274	276
274	284
274	304
274	320
274	331
274	332
274	12
274	39
274	55
407	46
254	82
254	166
254	49
254	86
254	101
254	233
254	239
254	249
254	313
254	324
254	328
254	330
254	111
254	115
254	116
254	135
254	144
254	149
571	19
571	250
571	306
571	70
571	187
571	243
571	247
571	248
571	279
571	300
571	304
571	335
571	22
571	35
571	39
571	51
571	87
571	146
45	47
45	201
45	278
45	280
45	196
45	214
45	253
45	255
45	268
45	272
45	283
45	333
45	341
45	342
45	360
45	21
45	140
45	141
319	59
319	153
319	189
319	250
319	49
319	66
319	104
319	165
319	171
319	228
319	243
319	327
319	328
319	116
319	120
319	126
319	138
319	147
350	16
350	154
350	155
350	210
350	293
350	306
350	317
350	46
350	172
350	176
350	193
350	209
350	277
350	300
350	338
350	21
350	44
350	107
212	189
212	265
212	50
212	95
212	194
212	195
212	197
212	209
212	241
212	303
212	6
212	57
212	77
212	78
212	87
212	100
212	132
212	141
204	82
204	306
204	30
204	84
204	160
204	171
204	209
204	341
204	358
204	25
204	33
204	57
204	65
204	83
204	100
204	117
204	123
204	140
569	180
569	280
569	97
569	101
569	105
569	187
569	266
569	267
569	302
569	307
569	320
569	325
569	342
569	349
569	12
569	18
569	24
569	98
311	145
311	155
311	167
311	250
311	95
311	171
311	198
311	204
311	205
311	223
311	226
311	235
311	285
311	328
311	331
311	350
311	55
311	111
64	59
64	81
64	167
64	96
64	185
64	197
64	215
64	298
64	331
64	6
64	14
64	25
64	31
64	32
64	51
64	88
64	107
64	148
341	81
341	96
341	97
341	168
341	187
341	246
341	259
341	316
341	326
341	331
341	360
341	6
341	8
341	23
341	28
341	40
341	91
341	129
520	281
520	159
520	249
520	283
520	304
520	315
520	324
520	326
520	328
520	20
520	25
520	53
520	60
520	80
520	94
520	111
520	146
520	147
543	50
109	151
109	292
109	86
109	161
109	162
109	208
109	209
109	260
109	266
109	286
109	326
109	344
109	360
109	4
109	54
109	64
109	143
109	146
159	225
159	73
159	86
159	95
159	105
159	172
159	196
159	199
159	211
159	216
159	220
159	230
159	233
159	321
159	360
159	18
159	31
159	144
92	37
92	81
92	172
92	185
92	198
92	238
92	259
92	271
92	287
92	288
92	15
92	29
92	72
92	91
92	92
92	110
92	131
92	136
279	166
279	250
279	109
279	176
279	199
279	212
279	261
279	263
279	296
279	2
279	3
279	36
279	103
279	117
279	132
279	138
279	143
279	147
487	167
487	210
487	265
487	101
487	104
487	163
487	174
487	192
487	222
487	245
487	251
487	296
487	298
487	321
487	355
487	32
487	103
487	121
236	145
236	157
236	221
236	278
236	66
236	73
236	93
236	96
236	209
236	236
236	238
236	272
236	279
236	305
236	318
236	319
236	58
236	143
289	225
289	42
289	104
289	164
289	207
289	224
289	238
289	297
289	303
289	336
289	345
289	352
289	354
289	2
289	9
289	27
289	38
289	138
477	155
477	280
477	86
477	168
477	219
477	223
477	241
477	274
477	294
477	307
477	308
477	318
477	360
477	5
477	21
477	22
477	34
477	126
393	47
393	278
393	295
393	119
393	159
393	192
393	236
393	305
393	308
393	2
393	5
393	24
393	27
393	110
393	135
393	137
393	150
234	301
234	154
234	181
234	236
234	254
234	263
234	289
234	305
234	331
234	347
234	4
234	7
234	13
234	110
234	113
234	117
234	128
459	59
459	232
459	265
459	67
459	181
459	192
459	194
459	198
459	224
459	228
459	229
459	275
459	298
459	308
459	345
459	23
459	28
459	139
46	16
46	151
46	201
46	273
46	295
46	162
46	209
46	275
46	302
46	318
46	335
46	353
46	13
46	24
46	25
46	48
46	61
46	98
336	169
336	221
336	46
336	89
336	93
336	224
336	245
336	275
336	286
336	328
336	329
336	350
336	20
336	60
336	88
336	94
336	108
336	125
494	225
494	273
494	292
494	96
494	183
494	186
494	214
494	276
494	279
494	29
494	34
494	74
494	117
494	120
494	122
494	129
494	140
377	134
377	265
377	215
377	243
377	257
377	284
377	291
377	13
377	88
287	37
287	68
287	156
287	189
287	317
287	163
287	207
287	220
287	239
287	259
287	330
287	331
287	341
287	31
287	38
287	64
287	79
287	88
226	46
42	155
42	167
42	104
42	161
42	168
42	245
42	254
42	309
42	312
42	316
42	319
42	326
42	327
42	329
42	1
42	55
42	139
42	142
358	154
358	67
358	69
358	70
358	291
358	296
358	320
358	325
358	342
358	15
358	31
358	74
358	79
358	88
358	103
358	121
358	129
358	135
195	37
195	295
195	124
195	159
195	181
195	227
195	230
195	266
195	277
195	308
195	311
195	344
195	346
195	353
195	20
195	65
195	129
195	130
20	62
20	95
20	124
20	165
20	205
20	236
20	245
20	308
20	324
20	351
20	5
20	31
20	45
20	79
20	80
20	106
20	110
20	132
365	167
365	66
365	99
365	159
365	176
365	190
365	211
365	216
365	241
365	243
365	263
365	266
365	272
365	299
365	302
365	310
365	324
365	63
463	47
463	152
463	156
463	97
463	104
463	124
463	162
463	165
463	216
463	267
463	268
463	299
463	312
463	316
463	351
463	3
463	98
463	126
329	82
441	273
441	282
441	357
441	46
441	176
441	185
441	188
441	204
441	218
441	235
441	251
441	287
441	304
441	315
441	328
441	1
441	72
441	91
559	250
559	93
559	101
559	102
559	170
559	183
559	224
559	240
559	249
559	307
559	318
559	322
559	329
559	347
559	355
559	9
559	33
559	110
405	134
405	158
405	167
405	182
405	186
405	199
405	226
405	229
405	248
405	266
405	269
405	40
405	48
405	64
405	78
405	80
405	83
405	149
537	89
537	160
537	208
537	228
537	229
537	237
537	241
537	248
537	286
537	335
537	340
537	9
537	57
537	98
537	135
537	138
537	147
537	149
389	16
389	151
389	166
389	278
389	101
389	160
389	251
389	268
389	283
389	316
389	324
389	351
389	21
389	44
389	63
389	87
389	143
389	150
355	47
355	134
355	250
355	199
355	208
355	227
355	230
355	248
355	285
355	322
355	327
355	332
355	18
355	41
355	107
355	108
355	116
355	125
270	47
270	82
270	169
270	221
270	160
270	208
270	211
270	215
270	234
270	311
270	316
270	326
270	337
270	14
270	23
270	53
270	112
270	122
213	56
90	241
99	232
99	292
99	317
99	69
99	70
99	170
99	181
99	192
99	202
99	206
99	216
99	261
99	285
99	303
99	334
99	335
99	136
99	137
376	81
376	225
376	164
376	172
376	199
376	287
376	336
376	25
376	65
376	117
376	118
376	149
135	59
135	166
135	184
135	201
135	50
135	84
135	196
135	207
135	215
135	251
135	263
135	335
135	340
135	345
135	40
135	72
135	83
135	122
8	43
583	82
583	151
583	201
583	30
583	46
583	99
583	159
583	179
583	194
583	200
583	233
583	266
583	302
583	333
583	3
583	26
583	32
583	146
490	293
490	46
490	62
490	75
490	93
490	193
490	200
490	203
490	211
490	222
490	300
490	311
490	321
490	351
490	14
490	34
490	91
490	114
37	178
37	221
37	49
37	66
37	102
37	168
37	172
37	223
37	227
37	260
37	274
37	309
37	314
37	326
37	4
37	9
37	21
37	125
245	16
245	81
245	154
245	157
245	169
245	265
245	357
245	160
245	176
245	213
245	231
245	246
245	262
245	291
245	2
245	17
245	23
245	143
390	225
390	232
390	109
390	186
390	187
390	188
390	204
390	218
390	251
390	254
390	260
390	274
390	304
390	347
390	11
390	39
390	122
390	129
131	37
131	154
131	189
131	109
131	173
131	174
131	249
131	252
131	308
131	324
131	10
131	21
131	40
131	52
131	57
131	78
131	113
131	121
445	99
445	163
445	203
445	213
445	233
445	274
445	285
445	289
445	333
445	347
445	350
445	36
445	53
445	54
445	57
445	92
445	122
445	138
118	292
118	69
118	202
118	209
118	212
118	231
118	245
118	246
118	283
118	304
118	359
118	4
118	26
118	55
118	91
118	112
118	132
118	137
142	293
142	66
142	179
142	187
142	198
142	233
142	275
142	307
142	311
142	327
142	336
142	12
142	38
142	53
142	94
142	106
142	114
142	129
295	37
295	153
295	280
295	62
295	97
295	99
295	173
295	206
295	268
295	272
295	279
295	285
295	358
295	39
295	63
295	111
295	113
295	131
492	81
492	281
492	282
492	295
492	50
492	172
492	215
492	228
492	245
492	315
492	326
492	13
492	22
492	23
492	60
492	132
492	133
492	142
471	59
471	158
471	225
471	281
471	66
471	97
471	195
471	196
471	233
471	255
471	291
471	304
471	338
471	355
471	4
471	10
471	57
471	100
153	47
153	191
153	30
153	170
153	174
153	202
153	224
153	302
153	307
153	312
153	323
153	38
153	39
153	61
153	77
153	79
153	112
153	147
132	191
132	42
132	75
132	227
132	233
132	241
132	243
132	274
132	322
132	5
132	8
132	18
132	77
132	78
132	80
132	114
132	125
132	131
335	229
107	134
107	201
107	343
107	177
107	179
107	196
107	200
107	214
107	219
107	298
107	337
107	18
107	24
107	56
107	61
107	64
107	76
107	123
294	152
294	225
294	93
294	101
294	109
294	236
294	239
294	245
294	269
294	305
294	316
294	318
294	352
294	8
294	83
294	117
294	130
294	143
581	145
581	357
581	95
581	176
581	209
581	214
581	241
581	264
581	275
581	284
581	289
581	305
581	321
581	322
581	329
581	4
581	91
62	127
357	145
357	278
357	343
357	196
357	199
357	236
357	254
357	303
357	307
357	316
357	324
357	346
357	360
357	21
357	24
357	129
357	135
357	142
74	26
426	155
426	158
426	70
426	173
426	202
426	205
426	214
426	241
426	253
426	260
426	283
426	298
426	300
426	331
426	336
426	11
426	114
426	137
111	152
111	180
111	357
111	50
111	205
111	219
111	230
111	288
111	289
111	297
111	341
111	351
111	353
111	33
111	65
111	79
111	92
111	133
187	151
187	154
187	86
187	93
187	162
187	239
187	258
187	263
187	267
187	269
187	8
187	24
187	36
187	78
187	114
187	115
187	122
506	91
506	147
122	167
122	280
122	317
122	160
122	192
122	198
122	203
122	228
122	237
122	244
122	319
122	339
122	344
122	355
122	1
122	44
122	87
122	120
35	156
35	210
35	232
35	89
35	188
35	217
35	219
35	239
35	255
35	263
35	264
35	270
35	314
35	338
35	5
35	74
35	132
314	37
314	210
314	97
314	109
314	213
314	254
314	331
314	352
314	4
314	5
314	11
314	23
314	55
314	60
314	133
314	140
314	144
5	145
5	182
5	184
5	232
5	46
5	62
5	164
5	176
5	240
5	243
5	297
5	324
5	332
5	12
5	15
5	41
5	55
5	106
69	82
69	145
69	153
69	158
69	167
69	70
69	84
69	89
69	186
69	261
69	266
69	304
69	4
69	22
69	58
69	61
69	83
69	92
423	127
406	182
406	30
406	62
406	67
406	99
406	102
406	183
406	200
406	260
406	266
406	284
406	300
406	324
406	348
406	52
406	53
406	64
406	74
545	19
545	151
545	154
545	280
545	243
545	263
545	288
545	311
545	351
545	354
545	5
545	21
545	64
545	78
545	79
545	92
545	126
545	147
253	280
253	295
253	343
253	84
253	97
253	101
253	206
253	214
253	219
253	244
253	262
253	277
253	21
253	24
253	39
253	117
253	126
253	130
50	201
50	109
50	172
50	181
50	227
50	253
50	258
50	274
50	322
50	352
50	354
50	1
50	18
50	38
50	98
50	106
50	115
50	128
539	157
539	191
539	62
539	102
539	160
539	198
539	202
539	222
539	237
539	286
539	320
539	336
539	38
539	40
539	54
539	120
539	136
539	141
171	19
171	166
171	221
171	99
171	173
171	208
171	215
171	220
171	342
171	348
171	351
171	352
171	355
171	74
171	80
171	88
171	92
404	265
404	50
404	73
404	187
404	228
404	229
404	251
404	271
404	336
404	341
404	359
404	14
404	21
404	32
404	52
404	53
404	100
404	146
231	47
231	343
231	75
231	104
231	124
231	161
231	172
231	211
231	241
231	274
231	277
231	38
231	48
231	108
231	115
231	117
231	120
36	16
36	154
36	157
36	93
36	238
36	258
36	269
36	283
36	299
36	305
36	318
36	322
36	325
36	355
36	10
36	41
36	123
36	137
7	301
7	16
7	49
7	50
7	67
7	70
7	75
7	119
7	172
7	185
7	187
7	213
7	236
7	334
7	336
7	7
7	48
7	123
450	151
450	152
450	273
450	105
450	183
450	192
450	199
450	203
450	206
450	231
450	261
450	298
450	315
450	320
450	327
450	331
450	3
450	142
351	37
351	182
351	273
351	317
351	173
351	175
351	255
351	257
351	296
351	303
351	316
351	322
351	342
351	11
351	29
351	64
351	113
351	121
387	201
462	147
300	158
300	99
300	173
300	205
300	245
300	259
300	268
300	288
300	354
300	355
300	22
300	27
300	29
300	55
300	98
300	122
300	131
300	150
588	96
588	174
588	183
588	217
588	223
588	289
588	298
588	310
588	331
588	346
588	7
588	25
588	36
588	52
588	61
588	92
588	126
588	147
101	49
101	73
101	119
101	176
101	185
101	246
101	252
101	263
101	271
101	294
101	296
101	335
101	358
101	359
101	40
101	113
101	138
101	149
359	293
359	159
359	192
359	211
359	222
359	229
359	234
359	271
359	298
359	304
359	305
359	307
359	353
359	358
359	74
359	77
359	121
359	146
598	134
598	166
598	292
598	96
598	104
598	239
598	243
598	244
598	245
598	252
598	254
598	324
598	348
598	35
598	53
598	79
598	91
598	142
269	301
269	153
269	281
269	119
269	127
269	204
269	244
269	245
269	260
269	283
269	304
269	310
269	41
269	60
269	61
269	83
269	88
269	123
192	169
192	109
192	161
192	164
192	181
192	211
192	236
192	241
192	287
192	288
192	304
192	346
192	18
192	58
192	133
192	137
192	141
192	146
241	66
241	161
241	165
241	168
241	179
241	186
241	245
241	263
241	296
241	322
241	339
241	1
241	41
241	58
241	106
241	117
241	122
241	138
596	43
596	119
596	127
596	160
596	176
596	188
596	236
596	247
596	248
596	267
596	287
596	354
596	4
596	6
596	57
596	120
596	132
596	135
24	82
24	281
24	30
24	207
24	223
24	246
24	315
24	319
24	331
24	13
24	33
24	51
24	52
24	65
24	77
24	110
24	116
24	120
574	145
574	152
574	273
574	163
574	170
574	190
574	215
574	236
574	237
574	264
574	341
574	348
574	38
574	57
574	87
574	123
574	133
574	143
308	81
308	84
308	127
308	213
308	223
308	226
308	234
308	258
308	267
308	283
308	291
308	325
308	342
308	358
308	39
308	83
308	88
308	142
421	152
421	153
421	160
421	165
421	226
421	229
421	230
421	236
421	264
421	271
421	284
421	314
421	322
421	347
421	52
421	56
421	63
421	111
322	82
322	180
322	250
322	50
322	160
322	175
322	199
322	235
322	257
322	283
322	285
322	330
322	340
322	354
322	7
322	39
322	54
322	80
593	16
593	59
593	145
593	281
593	90
593	97
593	212
593	220
593	249
593	257
593	287
593	288
593	320
593	329
593	20
593	60
593	72
593	130
584	250
584	282
584	69
584	106
340	301
340	191
340	104
340	172
340	179
340	181
340	188
340	192
340	200
340	206
340	220
340	267
340	304
340	334
340	355
340	36
340	57
340	131
173	37
173	151
173	191
173	42
173	75
173	196
173	231
173	242
173	268
173	318
173	65
173	83
173	92
173	128
173	133
173	139
173	142
173	149
408	301
408	19
408	47
408	156
408	62
408	95
408	97
408	102
408	109
408	220
408	244
408	246
408	269
408	308
408	313
408	10
408	41
408	110
433	93
433	187
433	200
433	207
433	228
433	247
433	307
433	327
433	10
433	18
433	22
433	35
433	39
433	55
433	57
433	71
433	103
433	130
68	232
68	127
68	172
68	192
68	197
68	218
68	223
68	229
68	283
68	310
68	334
68	338
68	345
68	347
68	350
68	4
68	26
68	139
128	301
128	221
128	306
128	127
128	163
128	219
128	234
128	270
128	300
128	327
128	330
128	344
128	23
128	40
128	57
128	94
128	129
128	135
230	242
411	82
411	178
411	210
411	292
411	293
411	84
411	202
411	239
411	274
411	287
411	324
411	17
411	34
411	61
411	72
411	74
411	98
411	130
332	191
332	62
332	75
332	200
332	240
332	245
332	249
332	261
332	272
332	300
332	342
332	344
332	356
332	15
332	40
332	54
332	78
332	147
84	221
84	50
84	99
84	164
84	188
84	193
84	238
84	239
84	266
84	274
84	298
84	331
84	349
84	2
84	9
84	27
84	36
84	114
395	153
395	343
395	95
395	183
395	202
395	234
395	271
395	286
395	294
395	318
395	337
395	338
395	5
395	45
395	76
395	112
395	140
395	141
508	70
508	171
508	257
508	270
508	300
508	321
508	335
508	340
508	11
508	45
508	53
508	55
508	65
508	72
508	106
508	122
508	137
508	140
144	210
144	250
144	273
144	278
144	105
144	173
144	186
144	214
144	230
144	258
144	333
144	20
144	60
144	74
144	123
144	131
144	142
144	146
309	134
309	273
309	186
309	194
309	208
309	226
309	229
309	249
309	338
309	340
309	13
309	23
309	28
309	53
309	79
309	80
309	140
442	155
442	158
442	169
442	273
442	104
442	124
442	165
442	188
442	205
442	208
442	283
442	285
442	3
442	23
442	32
442	40
442	112
442	137
409	152
409	154
409	201
409	93
409	96
409	101
409	160
409	174
409	244
409	246
409	268
409	344
409	345
409	12
409	13
409	80
409	115
409	116
470	43
470	156
470	101
470	159
470	160
470	168
470	190
470	264
470	269
470	289
470	330
470	344
470	35
470	36
470	41
470	74
470	110
470	115
420	96
420	149
580	210
580	66
580	75
580	173
580	176
580	192
580	224
580	242
580	332
580	333
580	1
580	20
580	53
580	56
580	76
580	118
580	141
580	143
275	134
275	153
275	201
275	232
275	290
275	62
275	90
275	127
275	195
275	218
275	231
275	251
275	258
275	314
275	18
275	24
275	54
275	136
160	16
160	151
160	225
160	290
160	164
160	252
160	274
160	302
160	328
160	356
160	11
160	14
160	27
160	39
160	57
160	125
160	131
160	133
396	156
396	167
396	70
396	97
396	163
396	171
396	172
396	204
396	220
396	236
396	242
396	255
396	257
396	267
396	321
396	58
396	137
396	149
315	37
315	156
315	173
315	175
315	185
315	223
315	253
315	268
315	309
315	339
315	7
315	77
315	80
315	94
315	115
315	133
315	142
315	150
578	167
578	293
578	95
578	199
578	241
578	248
578	309
578	328
578	354
578	356
578	17
578	45
578	60
578	103
578	111
578	128
578	132
578	149
19	37
19	59
19	280
19	203
19	227
19	228
19	240
19	258
19	270
19	313
19	314
19	356
19	6
19	28
19	53
19	114
19	125
19	130
495	167
495	30
495	69
495	101
495	104
495	160
495	208
495	231
495	252
495	263
495	264
495	321
495	20
495	83
495	108
495	111
495	130
495	142
25	145
25	151
25	86
25	173
25	203
25	244
25	291
25	308
25	319
25	358
25	17
25	28
25	63
25	74
25	87
25	111
25	114
25	123
566	81
566	162
566	171
566	186
566	213
566	219
566	258
566	263
566	275
566	332
566	339
566	348
566	31
566	39
566	71
566	98
566	120
566	141
73	278
73	306
73	67
73	119
73	172
73	177
73	192
73	213
73	228
73	245
73	275
73	286
73	303
73	323
73	325
73	74
73	94
73	136
352	196
10	155
10	180
10	250
10	49
10	104
10	163
10	206
10	224
10	227
10	231
10	243
10	284
10	310
10	315
10	340
10	345
10	351
10	25
338	59
338	68
338	184
338	119
338	195
338	226
338	272
338	277
338	279
338	337
338	21
338	45
338	51
338	80
338	108
338	138
338	146
338	149
379	16
379	96
379	188
379	192
379	217
379	233
379	251
379	286
379	323
379	331
379	339
379	341
379	348
379	358
379	360
379	58
379	100
379	129
397	182
397	278
397	193
397	202
397	205
397	209
397	219
397	319
397	335
397	336
397	26
397	34
397	36
397	56
397	57
397	114
397	128
397	129
480	301
480	225
480	273
480	49
480	50
480	90
480	187
480	204
480	213
480	214
480	242
480	338
480	7
480	10
480	38
480	100
480	106
480	118
299	156
299	66
299	75
299	176
299	264
299	330
299	353
299	35
299	41
299	51
299	65
299	78
299	91
299	103
299	117
299	126
299	146
299	148
563	81
563	152
563	154
563	157
563	281
563	317
563	105
563	119
563	205
563	218
563	291
563	331
563	12
563	20
563	27
563	74
563	107
563	126
178	47
178	82
178	145
178	167
178	273
178	278
178	171
178	208
178	214
178	249
178	269
178	298
178	303
178	305
178	355
178	13
178	36
178	150
424	290
424	73
424	89
424	164
424	170
424	173
424	175
424	187
424	194
424	204
424	230
424	287
424	289
424	319
424	328
424	11
424	146
424	150
592	109
592	159
592	175
592	211
592	212
592	219
592	275
592	297
592	322
592	332
592	349
592	26
592	29
592	56
592	71
592	76
592	79
592	117
207	151
207	201
207	232
207	30
207	192
207	234
207	244
207	297
207	319
207	327
207	347
207	25
207	34
207	35
207	77
207	125
207	139
207	147
123	295
123	95
123	165
123	220
123	244
123	255
123	291
123	296
123	319
123	353
123	360
123	15
123	22
123	61
123	63
123	116
123	118
123	132
18	158
18	62
18	75
18	175
18	179
18	196
18	206
18	227
18	243
18	255
18	284
18	315
18	341
18	27
18	29
18	44
18	87
18	136
398	81
398	180
398	210
398	357
398	86
398	175
398	195
398	199
398	217
398	218
398	252
398	258
398	312
398	359
398	10
398	48
398	116
398	125
276	101
276	165
276	192
276	198
276	207
276	248
276	253
276	260
276	268
276	296
276	299
276	313
276	337
276	353
276	20
276	48
276	80
276	123
223	301
223	43
223	81
223	158
223	166
223	273
223	295
223	212
223	243
223	283
223	312
223	348
223	33
223	54
223	56
223	64
223	115
223	132
232	59
232	166
232	167
232	189
232	250
232	199
232	205
232	267
232	302
232	312
232	314
232	327
232	5
232	10
232	13
232	48
232	91
232	103
549	30
549	164
549	181
549	206
549	214
549	240
549	243
549	310
549	325
549	358
549	31
549	34
549	85
549	108
549	115
549	117
549	122
549	139
66	59
66	145
66	67
66	196
66	223
66	226
66	234
66	288
66	305
66	319
66	336
66	340
66	15
66	21
66	22
66	34
66	80
66	150
577	210
577	42
577	69
577	160
577	170
577	226
577	259
577	283
577	288
577	307
577	346
577	17
577	33
577	88
577	103
577	129
577	144
577	150
533	182
533	225
533	50
533	101
533	109
533	173
533	209
533	313
533	338
533	1
533	20
533	39
533	54
533	87
533	112
533	117
533	123
533	150
515	124
484	167
484	84
484	102
484	104
484	213
484	216
484	239
484	251
484	258
484	263
484	284
484	309
484	318
484	335
484	342
484	11
484	26
484	36
469	145
469	225
469	164
469	196
469	204
469	228
469	245
469	261
469	283
469	299
469	322
469	342
469	11
469	13
469	71
469	78
469	122
469	137
290	68
290	155
290	273
290	99
290	161
290	193
290	213
290	223
290	318
290	334
290	345
290	13
290	17
290	38
290	88
290	107
290	108
290	132
277	269
547	19
547	134
547	191
547	221
547	75
547	183
547	267
547	279
547	309
547	311
547	332
547	335
547	348
547	353
547	45
547	76
547	91
547	140
501	250
501	265
501	46
501	69
501	238
501	246
501	256
501	266
501	289
501	311
501	334
501	339
501	10
501	23
501	51
501	100
501	103
501	141
367	43
367	82
367	225
367	75
367	165
367	171
367	185
367	220
367	224
367	255
367	256
367	285
367	288
367	307
367	312
367	25
367	77
367	108
21	82
21	210
21	49
21	105
21	164
21	196
21	237
21	260
21	297
21	307
21	342
21	352
21	15
21	17
21	38
21	54
21	65
21	144
416	226
53	134
53	73
53	177
53	200
53	229
53	235
53	243
53	304
53	330
53	353
53	359
53	11
53	26
53	35
53	88
53	112
560	59
560	134
560	180
560	42
560	67
560	101
560	193
560	218
560	239
560	240
560	262
560	276
560	330
560	345
560	8
560	35
560	40
560	126
58	43
58	156
58	232
58	265
58	293
58	168
58	207
58	279
58	283
58	289
58	291
58	313
58	339
58	18
58	34
58	52
58	72
58	77
313	101
370	82
370	154
370	156
370	70
370	84
370	177
370	233
370	241
370	243
370	256
370	8
370	18
370	29
370	35
370	51
370	64
370	118
370	133
93	301
93	19
93	281
93	282
93	69
93	84
93	102
93	104
93	190
93	212
93	226
93	279
93	337
93	356
93	17
93	25
93	71
93	114
418	95
418	192
418	244
418	270
418	327
418	63
418	116
597	81
597	152
597	167
597	101
597	217
597	231
597	235
597	249
597	269
597	344
597	32
597	54
597	80
597	98
597	107
597	111
597	140
597	143
534	157
534	292
534	67
534	96
534	203
534	246
534	291
534	305
534	335
534	347
534	356
534	5
534	60
534	63
534	65
534	91
534	112
534	149
298	68
298	157
298	210
298	194
298	211
298	216
298	238
298	244
298	274
298	302
298	315
298	344
298	346
298	352
298	359
298	31
298	72
298	123
353	47
353	184
353	97
353	104
353	124
353	165
353	195
353	236
353	251
353	268
353	299
353	312
353	314
353	328
353	8
353	18
353	44
353	142
562	295
562	286
238	250
238	208
238	209
238	226
238	236
238	256
238	259
238	276
238	338
238	347
238	354
238	6
238	9
238	25
238	38
238	44
238	64
238	107
189	154
189	156
189	250
189	281
189	357
189	49
189	164
189	230
189	247
189	262
189	276
189	300
189	320
189	17
189	35
189	40
189	78
189	94
485	301
485	282
485	216
485	217
485	226
485	242
485	257
485	270
485	274
485	286
485	316
485	326
485	349
485	22
485	25
485	34
485	118
485	135
483	19
483	42
483	102
483	124
483	187
483	223
483	231
483	234
483	241
483	245
483	291
483	298
483	300
483	18
483	32
483	79
483	121
483	137
479	166
479	343
479	89
479	170
479	172
479	258
479	264
479	286
479	309
479	315
479	53
479	63
479	87
479	91
479	106
479	115
479	140
526	43
526	47
526	59
526	292
526	119
526	161
526	183
526	203
526	208
526	236
526	270
526	289
526	314
526	326
526	335
526	45
526	53
526	110
147	293
147	160
147	187
147	190
147	205
147	251
147	260
147	329
147	359
147	7
147	32
147	35
147	36
147	38
147	100
147	115
147	128
147	146
283	290
283	295
283	161
283	168
283	171
283	204
283	234
283	237
283	254
283	255
283	289
283	310
283	332
283	346
283	351
283	4
283	13
283	147
402	59
402	153
402	273
402	42
402	159
402	227
402	304
402	308
402	328
402	352
402	353
402	17
402	18
402	23
402	74
402	79
402	137
402	150
496	68
496	207
496	212
496	213
496	214
496	231
496	236
496	258
496	296
496	341
496	348
496	355
496	26
496	41
496	83
496	85
496	121
496	136
415	37
415	68
415	191
415	250
415	102
415	168
415	255
415	268
415	274
415	277
415	279
415	353
415	11
415	33
415	48
415	63
415	116
415	128
375	43
375	184
375	189
375	280
375	174
375	230
375	240
375	248
375	254
375	259
375	296
375	329
375	338
375	340
375	359
375	5
375	57
375	126
48	37
48	169
48	165
48	183
48	188
48	215
48	228
48	249
48	274
48	297
48	313
48	328
48	17
48	40
48	74
48	94
48	115
48	140
120	153
120	221
120	293
120	306
120	317
120	69
120	172
120	230
120	239
120	20
120	23
120	41
120	57
120	61
120	76
120	107
120	116
120	122
121	224
499	81
499	151
499	152
499	42
499	186
499	219
499	227
499	230
499	285
499	310
499	328
499	345
499	74
499	87
499	100
499	106
499	122
499	138
296	166
296	178
296	105
296	119
296	163
296	175
296	234
296	238
296	242
296	252
296	271
296	279
296	350
296	85
296	88
296	111
296	130
296	147
564	43
564	82
564	157
564	273
564	177
564	188
564	193
564	199
564	284
564	291
564	316
564	341
564	356
564	1
564	6
564	8
564	71
564	122
429	47
429	153
429	169
429	163
429	173
429	208
429	226
429	246
429	268
429	275
429	297
429	336
429	337
429	349
429	356
429	52
429	111
429	129
196	16
196	19
196	43
196	162
196	170
196	179
196	198
196	215
196	218
196	240
196	271
196	272
196	347
196	3
196	4
196	28
196	123
196	149
257	155
257	86
257	95
257	235
257	249
257	270
257	289
257	294
257	305
257	326
257	2
257	12
257	24
257	98
257	108
257	123
257	140
257	141
557	81
557	75
557	99
557	175
557	177
557	190
557	219
557	236
557	238
557	259
557	262
557	274
557	311
557	323
557	342
557	359
557	11
557	148
191	165
191	190
191	203
191	233
191	235
191	252
191	277
191	291
191	309
191	318
191	358
191	22
191	28
191	38
191	64
191	111
191	125
191	136
183	181
183	190
183	197
183	234
183	252
183	258
183	294
183	300
183	303
183	340
183	8
183	22
183	29
183	39
183	76
183	77
183	94
183	103
244	225
244	278
244	317
244	102
244	109
244	175
244	176
244	202
244	241
244	308
244	334
244	345
244	348
244	350
244	358
244	15
244	114
244	147
372	152
372	265
372	96
372	186
372	211
372	214
372	253
372	312
372	350
372	7
372	18
372	22
372	55
372	63
372	77
372	108
372	111
372	117
339	301
339	292
339	49
339	179
339	197
339	224
339	233
339	255
339	271
339	303
339	313
339	338
339	3
339	32
339	58
339	92
339	131
339	133
105	43
105	273
105	84
105	90
105	186
105	240
105	247
105	248
105	257
105	316
105	322
105	346
105	1
105	41
105	58
105	63
105	106
105	110
511	82
511	180
511	189
511	99
511	165
511	185
511	193
511	198
511	226
511	235
511	312
511	335
511	336
511	3
511	33
511	77
511	118
511	141
512	59
512	182
512	225
512	281
512	168
512	207
512	266
512	289
512	302
512	338
512	10
512	12
512	39
512	44
512	53
512	58
512	122
512	140
525	145
570	47
570	49
570	105
570	212
570	227
570	269
570	272
570	288
570	299
570	309
570	310
570	313
570	318
570	332
570	336
570	25
570	58
570	121
266	301
266	59
266	184
266	189
266	343
266	66
266	86
266	97
266	104
266	219
266	237
266	243
266	249
266	321
266	330
266	331
266	332
266	100
531	191
531	104
531	119
531	162
531	200
531	203
531	205
531	247
531	275
531	299
531	307
531	311
531	324
531	326
531	332
531	3
531	5
531	113
41	37
41	134
41	221
41	290
41	174
41	217
41	218
41	270
41	279
41	285
41	316
41	15
41	32
41	53
41	85
41	92
41	128
41	144
243	281
243	282
243	73
243	89
243	174
243	197
243	230
243	259
243	274
243	313
243	320
243	322
243	327
243	329
243	41
243	65
243	72
243	148
317	82
317	178
317	180
317	181
317	202
317	206
317	252
317	276
317	284
317	320
317	333
317	342
317	349
317	350
317	56
317	118
317	125
317	131
461	145
461	158
461	166
461	184
461	175
461	198
461	222
461	224
461	233
461	247
461	256
461	272
461	302
461	333
461	354
461	4
461	39
461	53
546	280
546	70
546	97
546	200
546	209
546	213
546	222
546	223
546	246
546	260
546	271
546	272
546	328
546	55
546	83
546	100
546	143
546	146
360	37
360	151
360	201
360	69
360	75
360	211
360	229
360	239
360	240
360	253
360	312
360	3
360	14
360	44
360	54
360	56
360	61
360	118
561	68
561	265
561	282
561	343
561	67
561	73
561	93
561	170
561	239
561	248
561	325
561	345
561	356
561	20
561	29
561	103
561	138
561	143
438	82
438	281
438	49
438	86
438	159
438	174
438	193
438	239
438	255
438	256
438	272
438	285
438	289
438	348
438	117
438	131
438	132
438	141
556	43
556	184
556	191
556	278
556	42
556	159
556	211
556	218
556	219
556	235
556	252
556	263
556	308
556	316
556	325
556	333
556	51
556	118
381	155
381	169
381	225
381	250
381	295
381	49
381	170
381	181
381	188
381	233
381	240
381	316
381	333
381	28
381	38
381	51
381	117
381	147
56	16
56	59
56	154
56	280
56	357
56	119
56	177
56	209
56	211
56	287
56	8
56	12
56	39
56	52
56	53
56	76
56	98
56	108
104	153
104	156
104	184
104	225
104	278
104	292
104	42
104	49
104	86
104	236
104	254
104	258
104	276
104	294
104	310
104	36
104	142
104	143
210	166
210	265
210	295
210	96
210	207
210	213
210	215
210	223
210	255
210	336
210	351
210	1
210	77
210	85
210	94
210	106
210	132
210	150
378	232
378	73
378	105
378	174
378	175
378	188
378	229
378	274
378	289
378	312
378	318
378	344
378	11
378	17
378	51
378	54
378	136
378	144
456	169
456	67
456	89
456	93
456	95
456	101
456	194
456	224
456	234
456	248
456	255
456	305
456	327
456	334
456	7
456	13
456	29
456	117
176	166
176	292
176	306
176	93
176	96
176	231
176	242
176	254
176	277
176	294
176	300
176	302
176	320
176	32
176	112
176	113
176	122
176	150
455	30
455	102
455	165
455	190
455	239
455	248
455	255
455	262
455	319
455	341
455	20
455	24
455	26
455	103
455	108
455	122
455	136
455	144
85	250
85	99
85	175
85	194
85	249
85	264
85	271
85	274
85	283
85	314
85	345
85	348
85	1
85	22
85	91
85	117
85	125
85	144
349	16
349	82
349	134
349	169
349	221
349	161
349	242
349	258
349	276
349	287
349	291
349	327
349	353
349	2
349	40
349	114
349	123
349	131
87	158
87	278
87	75
87	97
87	174
87	181
87	196
87	198
87	224
87	288
87	311
87	323
87	20
87	36
87	40
87	41
87	136
87	146
554	301
554	158
554	166
554	49
554	50
554	89
554	124
554	176
554	296
554	323
554	347
554	3
554	5
554	8
554	9
554	48
554	57
554	138
330	282
330	69
330	179
330	193
330	217
330	227
330	228
330	231
330	264
330	314
330	338
330	351
330	32
330	51
330	71
330	112
330	130
330	138
242	81
242	265
242	295
242	90
242	171
242	173
242	187
242	241
242	257
242	259
242	274
242	318
242	336
242	340
242	39
242	54
242	60
242	100
514	19
514	70
514	86
514	90
514	231
514	246
514	262
514	276
514	314
514	323
514	325
514	346
514	354
514	3
514	12
514	106
514	108
514	112
448	301
448	151
448	225
448	293
448	93
448	161
448	249
448	277
448	329
448	339
448	355
448	5
448	28
448	31
448	61
448	79
448	108
448	125
310	250
310	161
310	194
310	195
310	215
310	223
310	239
310	249
310	256
310	259
310	260
310	296
310	322
310	323
310	346
310	356
310	18
310	139
152	159
156	174
156	185
156	195
156	203
156	222
156	245
156	247
156	269
156	275
156	289
156	291
156	297
156	319
156	12
156	29
156	72
156	76
156	144
72	156
72	273
72	70
72	97
72	198
72	203
72	207
72	242
72	254
72	279
72	287
72	314
72	346
72	25
72	27
72	74
72	123
72	136
466	68
466	169
466	210
466	221
466	357
466	299
466	322
466	325
466	333
466	337
466	347
466	351
466	6
466	24
466	33
466	44
466	65
466	120
443	19
443	155
443	191
443	225
443	105
443	163
443	197
443	208
443	211
443	218
443	224
443	241
443	247
443	254
443	329
443	330
443	8
443	71
249	278
249	175
249	259
55	105
55	215
55	227
55	229
55	235
55	257
55	270
55	271
55	287
55	291
55	303
55	330
55	29
55	72
55	85
55	94
55	116
55	147
259	317
259	357
259	185
259	186
259	304
259	312
259	313
259	326
259	333
259	8
259	21
259	36
259	60
259	63
259	80
259	112
259	139
259	142
51	158
51	292
51	161
51	205
51	220
51	238
51	242
51	257
51	270
51	279
51	305
51	326
51	347
51	354
51	83
51	113
51	142
51	146
112	16
112	68
112	180
112	226
112	244
112	279
112	285
112	308
112	310
112	326
112	355
112	4
112	31
112	33
112	36
112	41
112	51
112	131
164	156
164	169
164	187
164	219
164	233
164	254
164	255
164	303
164	319
164	341
164	350
164	358
164	28
164	54
164	76
164	78
164	111
164	144
154	184
154	282
154	306
154	46
154	89
154	97
154	183
154	200
154	215
154	297
154	304
154	307
154	326
154	13
154	65
154	80
154	85
154	91
216	168
216	216
216	217
216	235
216	277
216	312
216	330
216	339
216	351
216	9
216	23
216	24
216	34
216	44
216	77
216	80
216	85
216	98
579	145
579	151
579	157
579	46
579	127
579	208
579	235
579	249
579	297
579	315
579	326
579	340
579	7
579	24
579	26
579	78
579	142
579	149
148	133
383	82
383	167
383	178
383	281
383	293
383	67
383	160
383	162
383	186
383	222
383	254
383	257
383	312
383	327
383	346
383	88
383	138
383	147
467	19
467	47
467	180
467	225
467	281
467	293
467	200
467	213
467	311
467	312
467	326
467	336
467	337
467	340
467	347
467	12
467	98
467	143
382	151
382	182
382	232
382	75
382	93
382	159
382	163
382	219
382	237
382	264
382	298
382	329
382	45
382	52
382	53
382	65
382	77
382	150
134	178
134	69
134	159
134	171
134	190
134	197
134	206
134	214
134	231
134	234
134	20
134	27
134	53
134	71
134	107
134	114
134	130
134	141
89	134
89	293
89	357
89	50
89	165
89	173
89	216
89	245
89	247
89	288
89	297
89	316
89	327
89	347
89	7
89	23
89	40
89	55
13	75
13	90
13	95
13	96
13	165
13	174
13	195
13	245
13	247
13	255
13	304
13	309
13	311
13	325
13	28
13	87
13	118
13	139
60	68
60	278
60	46
60	50
60	170
60	179
60	217
60	237
60	242
60	249
60	256
60	263
60	288
60	324
60	103
60	116
60	117
60	133
14	16
14	232
14	73
14	84
14	93
14	176
14	196
14	222
14	241
14	263
14	289
14	314
14	339
14	78
14	83
14	103
14	121
14	125
413	152
413	69
413	109
413	196
413	227
413	241
413	248
413	285
413	303
413	316
413	356
413	6
413	15
413	24
413	63
413	64
413	88
413	139
558	151
558	180
558	221
558	281
558	295
558	90
558	119
558	194
558	215
558	229
558	268
558	291
558	303
558	315
558	352
558	356
558	33
558	36
414	19
414	145
414	169
414	67
414	163
414	181
414	229
414	242
414	269
414	300
414	310
414	340
414	346
414	358
414	3
414	107
414	111
414	133
325	182
325	238
325	262
325	286
325	294
325	296
325	299
325	324
325	349
325	354
325	359
325	15
325	40
325	44
325	51
325	85
325	123
325	150
149	16
149	182
149	38
149	141
149	142
403	43
403	47
403	159
403	172
403	186
403	231
403	260
403	277
403	320
403	328
403	339
403	1
403	44
403	60
403	61
403	120
403	136
403	148
301	201
301	280
301	70
301	84
301	119
301	170
301	190
301	197
301	230
301	261
301	271
301	314
301	319
301	323
301	6
301	100
301	113
301	117
326	250
326	104
326	124
326	161
326	168
326	226
326	234
326	267
326	271
326	277
326	349
326	350
326	17
326	27
326	40
326	52
326	110
326	123
591	82
591	145
591	189
591	210
591	292
591	66
591	175
591	186
591	214
591	249
591	274
591	305
591	349
591	352
591	33
591	44
591	85
591	120
4	201
4	232
4	282
4	119
4	183
4	192
4	212
4	223
4	267
4	269
4	296
4	304
4	314
4	353
4	71
4	79
4	83
4	98
139	59
139	69
139	216
139	227
139	255
139	256
139	335
139	353
139	354
139	11
139	17
139	22
139	24
139	61
139	85
139	116
139	128
139	132
518	182
518	189
518	221
518	232
518	46
518	235
518	297
518	313
518	324
518	325
518	342
518	350
518	11
518	20
518	27
518	88
518	106
518	107
522	93
522	194
522	229
522	258
522	264
522	275
522	288
522	291
522	321
522	325
522	335
522	360
522	13
522	22
522	32
522	34
522	85
522	107
31	189
31	191
31	317
31	343
31	69
31	163
31	202
31	252
31	291
31	315
31	331
31	338
31	341
31	358
31	5
31	20
31	120
31	122
437	301
437	68
437	62
437	73
437	215
437	216
437	223
437	244
437	270
437	312
437	341
437	356
437	359
437	10
437	63
437	98
437	132
567	151
567	317
567	70
567	198
567	206
567	213
567	218
567	297
567	313
567	346
567	39
567	44
567	92
567	114
567	116
567	120
567	136
567	150
587	191
587	62
587	66
587	105
587	168
587	194
587	220
587	228
587	261
587	342
587	15
587	54
587	61
587	78
587	85
587	91
587	113
587	135
88	68
88	152
88	162
88	173
88	214
88	266
88	267
88	279
88	291
88	309
88	330
88	339
88	4
88	88
88	94
88	120
88	128
88	142
529	15
271	151
271	281
271	42
271	105
271	168
271	170
271	177
271	190
271	231
271	259
271	260
271	269
271	275
271	341
271	9
271	77
271	120
271	133
12	154
12	90
12	162
12	175
12	195
12	233
12	242
12	254
12	266
12	268
12	277
12	291
12	325
12	354
12	358
12	23
12	26
12	114
451	59
451	293
451	89
451	95
451	162
451	216
451	230
451	237
451	261
451	262
451	359
451	11
451	20
451	29
451	45
451	112
451	113
451	133
140	191
140	73
140	186
140	187
140	190
140	192
140	197
140	198
140	228
140	311
140	332
140	333
140	334
140	335
140	356
140	1
140	40
140	45
399	19
399	151
399	357
399	165
399	179
399	194
399	204
399	224
399	287
399	300
399	305
399	308
399	327
399	12
399	27
399	40
399	41
399	148
589	70
589	101
589	109
589	165
589	174
589	181
589	194
589	229
589	279
589	283
589	286
589	296
589	326
589	348
589	14
589	72
589	92
589	107
489	153
489	180
489	290
489	84
489	187
489	212
489	236
489	266
489	271
489	296
489	349
489	354
489	20
489	36
489	41
489	114
489	140
489	150
138	292
138	203
138	216
138	237
138	241
138	251
138	253
138	254
138	256
138	324
138	335
138	338
138	11
138	45
138	53
138	131
138	133
138	137
71	16
71	68
71	154
71	281
71	343
71	213
71	262
71	266
71	272
71	320
71	332
71	334
71	339
71	350
71	12
71	55
71	126
449	16
449	81
449	278
449	30
449	90
449	202
449	222
449	244
449	249
449	262
449	311
449	333
449	353
449	9
449	28
449	29
449	57
449	74
548	155
548	191
548	109
548	194
548	224
548	229
548	251
548	267
548	284
548	302
548	305
548	313
548	319
548	332
548	345
548	9
548	107
548	117
510	68
510	317
510	95
510	124
510	164
510	174
510	199
510	246
510	263
510	285
510	327
510	24
510	29
510	58
510	63
510	79
510	128
510	150
137	134
137	153
137	201
137	232
137	290
137	62
137	90
137	127
137	183
137	218
137	231
137	258
137	262
137	272
137	24
137	54
137	135
137	136
307	134
307	153
307	201
307	232
307	290
307	62
307	90
307	127
307	183
307	218
307	231
307	262
307	272
307	24
307	48
307	54
307	135
307	136
576	81
576	157
576	158
576	282
576	70
576	93
576	97
576	187
576	198
576	238
576	261
576	268
576	287
576	310
576	350
576	7
576	32
576	107
385	273
385	95
385	104
385	105
385	188
385	212
385	217
385	254
385	258
385	276
385	347
385	11
385	13
385	57
385	94
385	120
385	130
385	131
197	37
197	180
197	84
197	127
197	197
197	200
197	204
197	215
197	244
197	307
197	313
197	344
197	359
197	2
197	4
197	10
197	58
197	92
32	178
32	189
32	102
32	109
32	170
32	202
32	213
32	220
32	233
32	241
32	263
32	39
32	51
32	58
32	77
32	107
32	110
32	149
342	178
342	184
342	306
342	213
342	243
342	259
342	274
342	275
342	310
342	316
342	329
342	333
342	334
342	345
342	355
342	358
342	74
342	148
108	290
108	176
108	193
108	203
108	204
108	219
108	223
108	237
108	243
108	270
108	337
108	344
108	6
108	12
108	15
108	61
108	74
108	76
323	47
323	221
323	357
323	67
323	160
323	198
323	207
323	223
323	260
323	279
323	291
323	298
323	305
323	308
323	314
323	326
323	72
323	120
255	145
255	163
255	205
255	233
255	256
255	260
255	276
255	309
255	310
255	337
255	347
255	354
255	8
255	36
255	51
255	103
255	131
255	147
9	50
9	99
9	109
9	162
9	194
9	267
9	276
9	286
9	329
9	338
9	339
9	341
9	356
9	34
9	64
9	78
9	115
9	140
200	303
333	224
194	180
194	290
194	50
194	190
194	202
194	234
194	237
194	253
194	279
194	321
194	333
194	338
194	342
194	344
194	44
194	88
194	94
194	112
106	43
106	166
106	232
106	265
106	84
106	119
106	168
106	213
106	244
106	260
106	263
106	297
106	328
106	18
106	34
106	79
106	115
106	138
585	37
585	152
585	167
585	169
585	290
585	93
585	175
585	177
585	242
585	244
585	247
585	253
585	269
585	297
585	326
585	22
585	100
585	126
214	191
214	293
214	89
214	104
214	176
214	179
214	195
214	200
214	211
214	218
214	264
214	299
214	5
214	44
214	64
214	76
214	108
214	148
262	200
262	239
262	251
262	254
262	257
262	267
262	284
262	288
262	319
262	352
262	3
262	10
262	15
262	26
262	83
262	87
262	106
262	110
225	82
225	178
225	357
225	119
225	231
225	247
225	251
225	255
225	263
225	287
225	340
225	345
225	350
225	358
225	5
225	32
225	85
225	120
374	19
374	97
374	161
374	177
374	183
374	196
374	235
374	259
374	264
374	267
374	291
374	296
374	308
374	7
374	9
374	48
374	64
374	110
486	169
486	189
486	282
486	343
486	73
486	97
486	177
486	186
486	198
486	218
486	219
486	5
486	20
486	53
486	56
486	63
486	76
486	148
573	153
573	306
573	30
573	172
573	175
573	212
573	218
573	222
573	242
573	253
573	318
573	342
573	360
573	13
573	71
573	76
573	91
573	103
373	59
373	89
373	159
373	183
373	185
373	187
373	200
373	204
373	205
373	262
373	308
373	332
373	339
373	10
373	15
373	88
373	92
373	118
538	317
538	194
538	52
586	154
586	210
586	280
586	84
586	186
586	203
586	208
586	212
586	233
586	251
586	268
586	300
586	311
586	320
586	354
586	98
586	117
586	136
193	158
517	96
517	193
517	199
517	209
517	230
517	247
517	275
517	287
517	311
517	337
517	338
517	356
517	11
517	29
517	44
517	72
517	112
517	118
229	155
229	75
229	105
229	168
229	179
229	260
229	267
229	286
229	298
229	312
229	321
229	348
229	351
229	352
229	11
229	57
229	92
229	118
57	182
57	69
57	159
57	203
57	205
57	261
57	269
57	283
57	322
57	324
57	352
57	354
57	7
57	55
57	71
57	74
57	92
57	112
208	37
208	89
208	96
208	168
208	188
208	194
208	212
208	217
208	238
208	246
208	286
208	300
208	309
208	315
208	17
208	35
208	60
208	121
44	37
44	295
44	306
44	102
44	161
44	172
44	193
44	196
44	200
44	220
44	276
44	291
44	339
44	346
44	27
44	56
44	103
44	120
457	153
457	343
457	42
457	86
457	90
457	181
457	193
457	212
457	262
457	316
457	323
457	359
457	14
457	26
457	27
457	28
457	58
457	60
582	292
582	70
582	97
582	183
582	213
582	233
582	253
582	291
582	311
582	331
582	2
582	34
582	35
582	38
582	64
582	91
582	110
582	142
391	184
391	250
391	42
391	50
391	66
391	173
391	283
391	323
391	3
391	35
391	39
391	41
391	60
391	74
391	121
391	128
391	135
391	136
288	155
288	292
288	343
288	49
288	86
288	102
288	197
288	238
288	240
288	259
288	313
288	17
288	26
288	27
288	55
288	74
288	125
288	138
410	156
410	158
410	167
410	180
410	50
410	67
410	173
410	183
410	204
410	205
410	206
410	245
410	261
410	267
410	311
410	356
410	360
410	40
410	235
410	247
410	352
465	169
465	225
465	290
465	295
465	317
465	89
465	104
465	173
465	254
465	274
465	297
465	329
465	348
465	2
465	20
465	21
465	53
465	126
354	301
354	165
354	179
354	200
354	217
354	239
354	253
354	264
354	294
354	358
354	8
354	18
354	31
354	58
354	91
354	107
354	125
354	131
129	151
129	75
129	97
129	211
129	214
129	239
129	240
129	253
129	261
129	296
129	359
129	12
129	28
129	41
129	44
129	56
129	58
129	64
284	301
284	19
284	221
284	67
284	170
284	231
284	254
284	264
284	299
284	302
284	321
284	333
284	355
284	6
284	28
284	98
284	130
337	184
337	191
337	30
337	49
337	109
337	196
337	199
337	220
337	261
337	284
337	329
337	334
337	4
337	9
337	31
337	77
337	143
337	147
43	290
43	162
43	186
43	194
43	202
43	207
43	217
43	222
43	263
43	268
43	321
43	356
43	25
43	26
43	27
43	57
43	74
43	129
203	182
203	201
203	124
203	163
203	183
203	212
203	213
203	234
203	267
203	298
203	335
203	341
203	352
203	359
203	61
203	65
203	72
203	83
431	191
431	201
431	50
431	164
431	205
431	226
431	229
431	272
431	294
431	325
431	341
431	21
431	33
431	36
431	88
431	94
431	113
431	118
427	81
427	134
427	170
427	202
427	212
427	213
427	267
427	275
427	310
427	322
427	340
427	9
427	15
427	45
427	60
427	125
427	140
427	150
320	282
320	73
320	102
320	163
320	212
320	238
320	246
320	313
320	318
320	344
320	354
320	45
320	56
320	64
320	83
320	110
320	129
320	149
22	357
22	105
22	171
22	183
22	211
22	261
22	285
22	289
22	294
22	299
22	303
22	310
22	312
22	6
22	27
22	45
22	61
22	80
369	145
369	151
369	157
369	99
369	159
369	179
369	188
369	192
369	199
369	222
369	286
369	304
369	334
369	8
369	41
369	132
369	147
516	81
516	182
516	232
516	250
516	292
516	306
516	357
516	73
516	216
516	316
516	324
516	5
516	18
516	52
516	72
516	125
516	136
516	149
155	47
155	68
155	50
155	173
155	188
155	211
155	249
155	297
155	313
155	359
155	6
155	35
155	61
182	43
182	119
182	183
182	222
182	244
182	260
182	294
182	298
182	299
182	302
182	307
182	320
182	334
182	7
182	12
182	140
182	143
182	149
163	293
163	90
163	119
163	204
163	212
163	218
163	219
163	222
163	244
163	263
163	314
163	322
163	8
163	25
163	34
163	41
163	64
163	72
172	189
172	280
172	99
172	160
172	204
172	205
172	233
172	257
172	318
172	321
172	324
172	330
172	335
172	51
172	141
172	146
172	147
172	148
16	250
16	219
16	230
16	243
16	244
16	248
16	252
16	256
16	264
16	346
16	360
16	12
16	64
16	106
16	129
16	133
16	148
412	94
11	95
11	177
11	195
11	243
11	254
11	276
11	284
11	286
11	307
11	329
11	332
11	344
11	2
11	4
11	15
11	76
11	148
11	150
133	37
133	343
133	197
133	213
133	216
133	256
133	259
133	286
133	291
133	313
133	322
133	336
133	2
133	14
133	15
133	34
133	48
133	120
98	273
98	70
98	161
98	162
98	228
98	237
98	243
98	244
98	277
98	330
98	335
98	339
98	7
98	80
98	120
98	131
98	132
98	138
175	126
267	62
267	73
267	89
267	105
267	160
267	193
267	245
267	249
267	252
267	274
267	285
267	310
267	316
267	325
267	355
267	358
267	6
267	136
472	16
472	59
472	282
472	220
472	253
472	254
472	263
472	287
472	329
472	2
472	6
472	7
472	15
472	33
472	61
472	76
472	142
472	148
297	157
297	189
297	265
297	73
297	99
297	185
297	202
297	230
297	238
297	249
297	285
297	307
297	336
297	345
297	14
297	18
297	52
297	131
79	155
79	184
79	189
79	273
79	50
79	183
79	187
79	212
79	230
79	242
79	262
79	298
79	335
79	349
79	8
79	29
79	123
79	138
167	134
167	69
167	73
167	105
167	176
167	186
167	199
167	236
167	252
167	272
167	288
167	321
167	345
167	27
167	31
167	76
167	125
498	155
498	86
498	101
498	162
498	177
498	185
498	204
498	228
498	237
498	239
498	286
498	342
498	346
498	347
498	51
498	60
498	100
498	142
115	167
115	184
115	265
115	357
115	105
115	177
115	179
115	212
115	247
115	267
115	315
115	318
115	323
115	348
115	353
115	2
115	28
115	110
34	153
34	250
34	282
34	69
34	163
34	171
34	188
34	197
34	226
34	240
34	252
34	296
34	324
34	1
34	28
34	41
34	87
34	94
285	16
285	225
285	317
285	89
285	171
285	246
285	257
285	297
285	308
285	314
285	328
285	340
285	11
285	129
285	130
285	139
285	146
285	148
91	156
91	46
91	159
91	179
91	183
91	228
91	264
91	270
91	318
91	329
91	339
91	341
91	4
91	29
91	77
91	106
91	121
91	128
572	43
572	145
572	95
572	97
572	227
572	274
572	329
572	348
572	352
572	2
572	7
572	20
572	53
572	54
572	100
572	107
572	121
572	126
222	301
222	19
222	167
222	293
222	66
222	73
222	109
222	199
222	207
222	209
222	249
222	315
222	336
222	22
222	88
222	114
222	130
222	141
82	16
82	68
82	169
82	42
82	86
82	206
82	209
82	219
82	240
82	248
82	287
82	303
82	334
82	347
82	78
82	85
82	98
82	120
141	59
141	343
141	124
141	174
141	195
141	229
141	257
141	258
141	326
141	330
141	347
141	355
141	22
141	24
141	26
141	113
141	133
141	138
205	178
205	278
205	84
205	93
205	163
205	176
205	190
205	193
205	229
205	275
205	294
205	351
205	14
205	87
205	92
205	133
205	135
205	144
458	184
458	189
458	66
458	75
458	90
458	99
458	159
458	161
458	202
458	233
458	267
458	330
458	331
458	354
458	3
458	34
458	35
458	128
500	157
500	180
500	278
500	293
500	73
500	171
500	185
500	195
500	216
500	224
500	235
500	276
500	302
500	344
500	83
500	103
500	107
500	115
446	81
446	82
446	221
446	90
446	102
446	159
446	164
446	171
446	200
446	222
446	240
446	325
446	12
446	26
446	60
446	85
446	112
446	130
328	42
328	73
328	161
328	164
328	170
328	200
328	238
328	287
328	310
328	323
328	347
328	355
328	360
328	5
328	18
328	21
328	78
328	121
70	68
70	82
70	178
70	278
70	75
70	90
70	177
70	185
70	196
70	234
70	244
70	285
70	33
70	53
70	64
70	110
70	113
70	128
124	156
124	189
124	66
124	171
124	177
124	187
124	249
124	294
124	309
124	349
124	358
124	360
124	2
124	51
124	77
124	122
124	133
124	146
343	119
343	205
343	223
343	230
343	239
343	255
343	274
343	276
343	333
343	347
343	5
343	26
343	38
343	41
343	114
343	121
343	148
343	150
346	19
346	295
346	67
346	84
346	89
346	171
346	203
346	275
346	298
346	331
346	335
346	9
346	34
346	52
346	64
346	108
346	122
346	143
447	43
447	191
447	50
447	162
447	175
447	181
447	187
447	219
447	235
447	242
447	270
447	307
447	309
447	316
447	344
447	77
447	128
447	142
488	19
488	37
488	30
488	70
488	90
488	205
488	228
488	248
488	277
488	286
488	328
488	341
488	92
488	112
488	115
488	121
488	123
488	140
535	45
28	152
28	155
28	281
28	42
28	96
28	181
28	195
28	271
28	283
28	288
28	298
28	334
28	338
28	358
28	20
28	72
28	108
28	111
599	184
599	210
599	46
599	209
599	212
599	258
599	302
599	304
599	346
599	33
599	56
599	60
599	72
599	85
599	91
599	120
599	139
599	149
86	145
86	157
86	62
86	101
86	200
86	228
86	236
86	257
86	261
86	269
86	309
86	321
86	326
86	347
86	34
86	54
86	56
86	71
540	317
540	357
540	66
540	69
540	96
540	226
540	289
540	307
540	311
540	318
540	327
540	336
540	346
540	14
540	74
540	108
540	114
540	142
264	134
264	265
264	295
264	357
264	67
264	69
264	102
264	213
264	226
264	234
264	242
264	263
264	267
264	285
264	314
264	71
264	79
264	114
65	16
65	163
65	170
65	185
65	198
65	203
65	229
65	256
65	267
65	277
65	284
65	332
65	337
65	14
65	64
65	108
65	118
65	144
291	293
291	66
291	99
291	102
291	162
291	172
291	198
291	258
291	259
291	322
291	338
291	355
291	360
291	1
291	3
291	44
291	120
291	126
184	324
504	282
504	50
504	203
504	215
504	237
504	243
504	271
504	277
504	285
504	312
504	351
504	27
504	72
504	85
504	118
504	120
504	130
504	144
215	37
215	169
215	84
215	89
215	188
215	209
215	211
215	234
215	283
215	303
215	330
215	339
215	358
215	23
215	36
215	111
215	116
215	132
273	178
273	210
273	46
273	62
273	84
273	124
273	183
273	197
273	212
273	222
273	237
273	252
273	257
273	356
273	360
273	94
273	100
273	118
553	19
553	169
553	317
553	73
553	104
553	170
553	172
553	173
553	213
553	220
553	313
553	320
553	337
553	353
553	360
553	58
553	92
240	273
240	42
240	69
240	99
240	207
240	246
240	247
240	271
240	297
240	307
240	321
240	322
240	325
240	337
240	345
240	356
240	51
240	78
280	301
280	30
280	102
280	214
280	217
280	224
280	294
280	316
280	336
280	339
280	340
280	352
280	33
280	34
280	51
280	113
280	137
280	142
94	295
94	343
94	30
94	99
94	161
94	185
94	198
94	205
94	216
94	224
94	298
94	302
94	329
94	339
94	347
94	18
94	39
94	87
460	153
460	154
460	178
460	30
460	49
460	67
460	171
460	218
460	219
460	245
460	247
460	262
460	298
460	303
460	323
460	4
460	5
460	117
217	178
217	281
217	282
217	292
217	124
217	161
217	183
217	256
217	272
217	286
217	309
217	320
217	334
217	344
217	14
217	54
217	88
217	116
211	158
211	278
211	293
211	67
211	168
211	192
211	203
211	211
211	224
211	266
211	270
211	311
211	340
211	39
211	45
211	80
211	103
211	147
568	220
206	209
206	288
206	22
206	48
265	225
265	280
265	62
265	96
265	124
265	198
265	200
265	223
265	228
265	257
265	300
265	304
265	308
265	314
265	353
265	10
265	143
265	148
327	250
327	265
327	343
327	195
327	205
327	207
327	218
327	229
327	241
327	256
327	264
327	10
327	29
327	72
327	94
327	108
327	118
327	144
218	171
218	196
218	138
77	182
77	189
77	278
77	281
77	42
77	66
77	168
77	174
77	249
77	256
77	257
77	338
77	340
77	32
77	55
77	85
77	91
77	132
452	201
452	282
452	75
452	174
452	194
452	258
452	263
452	277
452	284
452	333
452	340
452	352
452	4
452	27
452	55
452	123
452	131
452	144
347	16
347	152
347	184
347	99
347	163
347	199
347	206
347	226
347	242
347	266
347	297
347	331
347	351
347	11
347	32
347	35
347	60
347	129
63	155
63	185
63	190
63	238
63	259
63	268
63	271
63	296
63	297
63	305
63	313
63	336
63	359
63	4
63	21
63	52
63	63
63	137
33	167
33	178
33	184
33	292
33	66
33	179
33	233
33	248
33	259
33	284
33	287
33	333
33	334
33	358
33	27
33	38
33	128
33	136
491	145
491	295
491	70
491	208
491	220
491	234
491	259
491	268
491	305
491	311
491	322
491	351
491	355
491	1
491	11
491	13
491	129
491	133
190	151
190	157
190	127
190	208
190	235
190	249
190	264
190	266
190	315
190	326
190	340
190	6
190	7
190	24
190	78
190	137
190	142
190	149
81	42
81	67
81	101
81	177
81	196
81	235
81	252
81	323
81	342
81	344
81	345
81	7
81	9
81	38
81	76
81	138
81	148
81	149
165	43
165	158
165	184
165	210
165	282
165	293
165	343
165	124
165	199
165	213
165	222
165	258
165	298
165	334
165	6
165	20
165	25
165	143
595	301
595	81
595	96
595	99
595	160
595	164
595	199
595	204
595	211
595	240
595	297
595	325
595	345
595	347
595	6
595	76
595	112
595	144
334	19
334	153
334	265
334	67
334	127
334	164
334	175
334	207
334	222
334	229
334	244
334	284
334	309
334	319
334	7
334	23
334	130
334	142
127	166
127	273
127	75
127	159
127	209
127	223
127	229
127	259
127	320
127	330
127	9
127	15
127	52
127	100
127	107
127	111
127	115
127	141
199	81
199	153
199	180
199	30
199	90
199	174
199	195
199	244
199	260
199	268
199	294
199	298
199	315
199	21
199	33
199	107
199	113
199	131
364	278
364	50
364	66
364	102
364	190
364	211
364	230
364	252
364	253
364	262
364	349
364	354
364	358
364	21
364	52
364	55
364	56
364	100
29	182
29	62
29	165
29	183
29	238
29	240
29	241
29	253
29	261
29	291
29	294
29	302
29	335
29	348
29	349
29	22
29	28
29	36
481	134
481	154
481	179
481	227
481	258
481	276
481	285
481	314
481	329
481	331
481	344
481	15
481	25
481	103
481	140
481	143
481	144
481	147
552	167
552	184
552	189
552	232
552	102
552	162
552	207
552	226
552	258
552	260
552	270
552	334
552	352
552	14
552	23
552	29
552	38
552	60
544	37
544	156
544	157
544	184
544	282
544	162
544	163
544	207
544	243
544	270
544	279
544	314
544	320
544	356
544	1
544	52
544	77
544	139
1	343
1	30
1	99
1	104
1	194
1	207
1	260
1	266
1	271
1	311
1	1
1	55
1	77
1	123
1	126
1	137
1	138
246	166
246	191
246	49
246	202
246	239
246	257
246	286
246	299
246	309
246	310
246	337
246	7
246	44
246	54
246	74
246	115
246	116
246	148
49	293
49	86
49	89
49	101
49	275
49	305
49	322
49	352
49	3
49	13
49	20
49	22
49	26
49	83
49	88
49	94
49	129
49	139
181	47
181	221
181	42
181	161
181	194
181	230
181	234
181	235
181	285
181	302
181	2
181	45
181	80
181	111
181	130
181	139
181	140
181	147
39	154
39	156
39	273
39	306
39	357
39	84
39	190
39	238
39	334
39	339
39	352
39	31
39	54
39	58
39	78
39	87
39	113
39	121
368	166
368	232
368	160
368	164
368	174
368	197
368	204
368	208
368	228
368	311
368	322
368	352
368	22
368	28
368	72
368	91
368	125
368	126
136	157
136	178
136	290
136	306
136	176
136	181
136	190
136	192
136	217
136	249
136	255
136	275
136	331
136	11
136	17
136	107
136	115
136	136
180	210
180	70
180	124
180	164
180	171
180	200
180	300
180	303
180	345
180	353
180	9
180	17
180	21
180	32
180	71
180	76
180	80
417	250
417	281
417	343
417	357
417	93
417	172
417	174
417	175
417	205
417	257
417	360
417	27
417	32
417	33
417	72
417	83
417	100
417	144
169	16
169	68
169	154
169	281
169	86
169	233
169	262
169	266
169	272
169	332
169	334
169	339
169	350
169	10
169	12
169	17
169	48
169	126
15	59
15	82
15	151
15	167
15	278
15	280
15	93
15	95
15	168
15	185
15	219
15	327
15	334
15	340
15	1
15	13
15	51
15	53
26	16
26	155
26	182
26	273
26	197
26	224
26	230
26	248
26	296
26	311
26	342
26	346
26	360
26	14
26	28
26	56
26	78
26	98
428	16
428	153
428	189
428	46
428	95
428	99
428	190
428	197
428	326
428	327
428	328
428	1
428	6
428	24
428	92
428	144
428	148
428	149
318	281
318	317
318	69
318	172
318	207
318	212
318	239
318	240
318	247
318	248
318	253
318	320
318	328
318	2
318	8
318	12
318	45
318	130
151	104
76	166
76	191
76	66
76	89
76	177
76	261
76	266
76	302
76	307
76	309
76	319
76	323
76	329
76	12
76	52
76	92
76	138
76	148
305	151
305	70
305	75
305	93
305	165
305	217
305	236
305	286
305	294
305	300
305	354
305	360
305	4
305	17
305	57
305	61
305	88
305	135
555	178
555	70
555	75
555	165
555	170
555	204
555	230
555	277
555	288
555	323
555	328
555	33
555	72
555	92
555	94
555	110
555	138
555	139
482	221
482	175
482	190
482	229
482	253
482	255
482	257
482	268
482	276
482	289
482	307
482	316
482	340
482	2
482	7
482	25
482	79
482	120
30	96
30	187
30	216
30	222
30	241
30	253
30	268
30	270
30	276
30	286
30	288
30	297
30	321
30	347
30	25
30	27
30	32
30	79
17	37
17	282
17	306
17	317
17	90
17	159
17	227
17	241
17	245
17	270
17	319
17	8
17	9
17	21
17	32
17	71
17	88
17	135
507	81
507	134
507	221
507	225
507	295
507	95
507	217
507	254
507	272
507	322
507	323
507	330
507	345
507	34
507	35
507	60
507	100
507	129
392	43
392	163
392	195
392	199
392	215
392	227
392	236
392	244
392	262
392	319
392	328
392	17
392	23
392	24
392	33
392	80
392	121
392	140
324	158
324	295
324	190
324	197
324	211
324	230
324	262
324	264
324	309
324	321
324	324
324	330
324	354
324	5
324	79
324	100
324	126
324	140
263	182
263	189
263	290
263	50
263	163
263	213
263	219
263	246
263	275
263	276
263	308
263	349
263	31
263	71
263	114
263	117
263	131
263	141
80	343
80	109
80	197
80	213
80	217
80	230
80	254
80	261
80	274
80	342
80	356
80	14
80	23
80	35
80	63
80	116
80	118
80	121
110	47
110	156
110	182
110	265
110	280
110	357
110	163
110	164
110	205
110	230
110	274
110	298
110	312
110	351
110	360
110	54
110	118
110	129
282	16
282	178
282	232
282	306
282	234
282	253
282	309
282	325
282	342
282	351
282	353
282	12
282	28
282	32
282	54
282	60
282	83
282	111
363	153
363	281
363	127
363	177
363	211
363	218
363	288
363	296
363	312
363	327
363	44
363	48
363	71
363	77
363	80
363	85
363	122
363	138
201	143
286	273
286	223
493	81
493	154
493	273
493	282
493	95
493	186
493	208
493	285
493	304
493	325
493	338
493	342
493	344
493	14
493	91
493	130
493	132
493	139
221	97
221	188
221	192
221	196
221	206
221	260
221	266
221	299
221	318
221	337
221	350
221	353
221	31
221	83
221	85
221	121
221	129
221	132
527	49
527	50
527	186
527	279
527	283
527	289
527	299
527	337
527	338
527	345
527	347
527	25
527	33
527	78
527	110
527	139
527	141
527	146
145	178
145	221
145	306
145	30
145	174
145	197
145	209
145	256
145	269
145	297
145	356
145	358
145	52
145	56
145	58
145	71
145	125
145	141
478	68
478	151
478	154
478	281
478	282
478	86
478	213
478	233
478	243
478	262
478	272
478	320
478	10
478	12
478	48
478	55
478	100
478	141
219	301
219	16
219	182
219	173
219	204
219	269
219	304
219	310
219	316
219	325
219	333
219	337
219	354
219	35
219	36
219	65
219	128
219	139
292	155
292	221
292	290
292	306
292	171
292	192
292	243
292	246
292	253
292	279
292	305
292	308
292	339
292	348
292	349
292	23
292	45
292	113
143	134
143	185
143	216
143	240
143	286
143	302
143	321
143	330
143	332
143	355
143	359
143	6
143	17
143	28
143	56
143	61
143	65
143	136
224	210
224	42
224	69
224	89
224	93
224	119
224	195
224	206
224	207
224	252
224	275
224	296
224	303
224	307
224	26
224	51
224	103
224	114
575	169
575	180
575	96
575	109
575	185
575	223
575	224
575	239
575	314
575	316
575	1
575	10
575	35
575	38
575	44
575	106
575	140
590	169
590	182
590	161
590	179
590	226
590	242
590	248
590	275
590	296
590	320
590	3
590	9
590	32
590	71
590	74
590	112
590	114
590	150
116	282
116	306
116	49
116	95
116	101
116	104
116	170
116	196
116	223
116	246
116	276
116	283
116	289
116	299
116	323
116	6
116	129
116	137
532	160
532	161
532	171
532	186
532	202
532	231
532	245
532	283
532	294
532	300
532	308
532	344
532	2
532	4
532	17
532	36
532	38
532	137
475	157
475	184
475	292
475	162
475	214
475	228
475	261
475	309
475	320
475	325
475	329
475	339
475	2
475	6
475	40
475	85
475	147
475	150
444	343
444	89
444	99
444	190
444	204
444	240
444	277
444	284
444	285
444	315
444	318
444	329
444	337
444	31
444	39
444	57
444	60
444	63
2	180
2	292
2	84
2	159
2	185
2	192
2	193
2	195
2	231
2	319
2	330
2	340
2	355
2	22
2	45
2	63
2	111
2	129
103	19
103	68
103	155
103	191
103	124
103	168
103	173
103	181
103	195
103	206
103	226
103	231
103	256
103	259
103	346
103	349
103	126
103	130
54	265
54	50
54	204
54	217
54	241
54	242
54	243
54	251
54	253
54	332
54	333
54	338
54	31
54	44
54	56
54	94
54	118
54	150
179	145
179	189
179	95
179	104
179	124
179	161
179	174
179	203
179	268
179	275
179	307
179	310
179	322
179	51
179	100
179	129
179	141
550	184
550	232
550	306
550	84
550	95
550	179
550	215
550	222
550	240
550	328
550	329
550	330
550	349
550	355
550	41
550	65
550	133
550	149
3	268
186	343
186	357
186	190
186	194
186	229
186	264
186	283
186	313
186	315
186	321
186	333
186	353
186	1
186	12
186	35
186	113
186	132
186	135
476	301
476	193
476	209
476	217
476	229
476	238
476	242
476	251
476	305
476	327
476	337
476	356
476	33
476	52
476	61
476	77
476	112
476	148
185	37
185	43
185	156
185	293
185	160
185	163
185	188
185	218
185	222
185	244
185	279
185	299
185	319
185	2
185	48
185	106
185	115
185	128
439	68
439	280
439	290
439	295
439	46
439	198
439	238
439	248
439	252
439	264
439	324
439	7
439	8
439	35
439	45
439	108
439	135
439	137
146	19
146	43
146	221
146	290
146	69
146	93
146	95
146	164
146	185
146	247
146	272
146	275
146	304
146	332
146	3
146	10
146	14
146	144
168	82
168	180
168	184
168	189
168	119
168	127
168	177
168	217
168	269
168	275
168	276
168	299
168	302
168	315
168	71
168	87
168	92
168	138
528	59
528	221
528	250
528	73
528	75
528	165
528	193
528	202
528	231
528	287
528	310
528	321
528	21
528	35
528	57
528	58
528	98
528	137
27	184
27	306
27	69
27	124
27	215
27	257
27	263
27	288
27	310
27	315
27	337
27	338
27	7
27	25
27	76
27	79
27	137
27	149
468	101
468	105
468	176
468	195
468	227
468	238
468	241
468	272
468	274
468	310
468	325
468	333
468	351
468	14
468	15
468	74
468	111
468	135
102	152
102	232
102	73
102	172
102	173
102	202
102	203
102	209
102	214
102	241
102	266
102	285
102	18
102	22
102	55
102	136
102	148
102	149
61	19
61	155
61	191
61	290
61	66
61	69
61	109
61	170
61	173
61	231
61	288
61	302
61	329
61	346
61	349
61	350
61	14
61	126
67	105
67	119
67	206
67	215
67	216
67	242
67	243
67	261
67	305
67	307
67	24
67	61
67	71
67	94
67	106
67	112
67	113
67	135
473	37
473	156
473	290
473	177
473	199
473	202
473	220
473	227
473	241
473	251
473	271
473	279
473	287
473	323
473	339
473	2
473	111
473	125
312	151
312	180
312	30
312	119
312	162
312	181
312	183
312	198
312	226
312	234
312	269
312	285
312	310
312	324
312	358
312	41
312	79
312	87
157	278
157	280
157	293
157	50
157	162
157	187
157	275
157	335
157	336
157	342
157	3
157	36
157	72
157	83
157	117
157	118
157	123
157	139
321	167
321	265
321	292
321	295
321	343
321	86
321	174
321	175
321	206
321	254
321	294
321	353
321	13
321	38
321	88
321	138
321	144
321	150
386	281
386	290
386	317
386	105
386	171
386	222
386	312
386	323
386	331
386	333
386	337
386	345
386	356
386	20
386	60
386	79
386	112
386	129
464	47
464	280
464	104
464	109
464	127
464	194
464	212
464	215
464	227
464	264
464	279
464	354
464	35
464	79
464	98
464	130
464	136
464	148
38	49
248	43
248	166
248	178
248	306
248	317
248	179
248	260
248	266
248	294
248	316
248	3
248	25
248	71
248	88
248	107
248	108
248	122
248	128
551	152
551	154
551	221
551	282
551	102
551	199
551	246
551	248
551	271
551	277
551	287
551	298
551	302
551	335
551	10
551	14
551	64
551	146
278	37
278	152
278	49
278	62
278	163
278	170
278	173
278	174
278	179
278	222
278	237
278	323
278	327
278	338
278	14
278	111
278	115
278	131
594	201
594	292
594	62
594	102
594	203
594	234
594	248
594	251
594	338
594	349
594	351
594	355
594	6
594	29
594	33
594	106
594	122
594	146
435	301
435	292
435	127
435	192
435	195
435	197
435	223
435	237
435	261
435	299
435	312
435	336
435	345
435	349
435	55
435	58
435	64
435	120
422	134
422	153
422	201
422	232
422	290
422	62
422	90
422	127
422	183
422	218
422	258
422	262
422	272
422	24
422	48
422	54
422	135
422	136
113	180
113	73
113	75
113	187
113	199
113	209
113	228
113	233
113	276
113	296
113	309
113	340
113	346
113	9
113	31
113	48
113	144
113	149
521	19
521	101
521	190
521	207
521	217
521	245
521	252
521	271
521	316
521	340
521	2
521	15
521	107
521	113
521	115
521	132
521	148
247	191
247	49
247	105
247	119
247	224
247	254
247	262
247	327
247	354
247	8
247	33
247	41
247	54
247	65
247	137
247	148
177	134
177	280
177	218
177	272
177	285
177	300
177	338
177	346
239	232
239	357
239	62
239	119
239	164
239	238
239	261
239	270
239	279
239	289
239	291
239	308
239	333
239	29
239	35
239	132
239	135
239	144
394	37
394	158
394	182
394	278
394	69
394	231
394	256
394	268
394	341
394	356
394	9
394	17
394	53
394	58
394	65
394	125
394	135
394	139
293	166
293	30
293	66
293	86
293	161
293	176
293	186
293	194
293	211
293	214
293	329
293	330
293	4
293	10
293	71
293	106
293	117
293	148
440	158
440	169
440	182
440	102
440	159
440	202
440	217
440	240
440	248
440	259
440	267
440	310
440	321
440	36
440	40
440	52
440	65
440	94
228	97
228	109
228	162
228	163
228	188
228	211
228	238
228	260
228	266
228	299
228	318
228	323
228	344
228	359
228	1
228	83
228	85
228	129
23	43
23	155
23	290
23	295
23	67
23	216
23	227
23	229
23	244
23	259
23	334
23	348
23	76
23	120
23	125
23	139
23	141
100	156
100	225
100	357
100	89
100	179
100	205
100	209
100	214
100	269
100	336
100	348
100	352
100	13
100	18
100	48
100	71
100	110
100	128
126	9
174	46
174	95
174	181
174	253
174	255
174	258
174	288
174	294
174	303
174	319
174	328
174	347
174	350
174	3
174	12
174	14
174	56
174	129
40	152
40	157
40	102
40	212
40	216
40	224
40	262
40	300
40	327
40	31
40	40
40	54
40	85
40	87
40	131
40	132
40	139
40	143
150	145
150	154
150	210
150	293
150	49
150	109
150	162
150	172
150	207
150	211
150	283
150	318
150	334
150	336
150	9
150	21
150	91
150	121
565	157
565	174
565	227
565	251
565	257
565	261
565	263
565	296
565	300
565	315
565	335
565	352
565	360
565	72
565	78
565	92
565	103
565	135
348	158
348	167
348	30
348	67
348	204
348	205
348	217
348	237
348	247
348	279
348	299
348	314
348	315
348	342
348	360
348	10
348	128
348	132
117	46
117	101
117	214
117	276
117	286
117	318
117	349
117	11
117	26
117	48
117	58
117	64
117	106
117	116
117	135
117	138
117	139
117	140
454	42
454	124
454	220
454	241
454	308
454	309
454	313
454	315
454	324
454	326
454	328
454	359
454	28
454	56
454	126
454	128
454	143
454	147
272	184
272	67
272	102
272	173
272	203
272	219
272	239
272	260
272	264
272	279
272	284
272	331
272	10
272	55
272	117
272	122
272	123
272	131
432	184
432	67
432	168
432	174
432	194
432	202
432	206
432	238
432	263
432	296
432	312
432	324
432	341
432	354
432	92
432	107
432	130
432	139
316	43
316	47
316	232
316	281
316	172
316	252
316	260
316	266
316	270
316	305
316	311
316	5
316	36
316	71
316	74
316	94
316	113
316	147
202	228
366	152
366	155
366	210
366	104
366	124
366	173
366	305
366	332
366	334
366	353
366	14
366	24
366	27
366	45
366	52
366	87
366	141
366	144
362	68
362	317
362	172
362	181
362	186
362	207
362	216
362	260
362	270
362	275
362	297
362	299
362	333
362	40
362	63
362	64
362	112
362	137
523	153
523	265
523	62
523	179
523	211
523	254
523	8
523	9
523	15
523	28
523	51
523	54
523	83
523	98
523	121
523	122
523	133
361	156
361	191
361	306
361	86
361	200
361	208
361	215
361	216
361	224
361	227
361	260
361	269
361	294
361	303
361	352
361	353
361	360
361	118
